e-N2    4.4763E+00   8.9123E+00   8.6558E+01   -1.1907E+01   7.3977E-01    8.1569E-02    1.7704E+00   9.2013E+00   8.0978E-01
        6.2997E+00   2.8143E+00   6.0373E+00   -6.1715E-07   5.9733E+00   -1.3242E-01    2.1061E+00   8.9217E+00   7.2869E-01
        6.0853E+00   2.5330E+00   9.8515E+00   -1.1814E-10   9.2906E+00   -4.0522E-01    2.4046E+00   8.6973E+00   6.7041E-01
        5.8136E+00   2.4462E+00   9.3499E+00   -1.1687E-11   1.0256E+01   -3.9827E-01    2.6488E+00   8.5107E+00   6.2512E-01
        5.4329E+00   2.3732E+00   6.5229E+00   -5.6704E-11   9.6931E+00   -2.4519E-01    2.8589E+00   8.3525E+00   5.9211E-01
        7.7099E+00   3.6418E+00   6.9892E+01   -2.9740E-01   1.3600E+00   -7.0673E-01    2.1153E+00   8.9418E+00   8.3996E-01
e-O2    8.3307E+00   2.1057E+00   1.3703E+02    1.6462E-03   2.2034E+00   -1.6638E+00   -7.1918E-01   9.7316E+00   1.0537E+00
        8.3440E+00   2.1878E+00   2.6005E+02   -4.7740E-02  -7.8236E-01   -1.8609E+00   -9.0948E-01   9.4672E+00   1.0447E+00
        8.2363E+00   2.2106E+00   3.5049E+02   -1.0523E-01  -8.9547E-01   -1.9861E+00   -9.7555E-01   9.2465E+00   1.0010E+00
        7.7713E+00   2.2180E+00   8.0242E+01   -2.9025E-06   4.7426E+00   -1.3707E+00   -9.8561E-01   9.0635E+00   9.5788E-01
        8.0580E+00   2.2437E+00   4.9008E+02   -2.0701E-01  -1.0225E+00   -2.1302E+00   -1.0577E+00   8.9127E+00   9.4543E-01
        8.1575E+00   2.8053E+00   9.3652E+00   -4.1748E-04   3.6655E+00   -1.8979E-01   -7.6150E-01   9.3932E+00   9.6517E-01
e-NO   -7.2965E-01   1.3332E+01   7.8565E+02   -1.9259E+02   2.8336E-01   -6.3703E-02    9.3029E-01   8.8086E+00   9.6216E-01
       -1.4887E+01   1.8148E+01   2.5286E+03   -1.0586E+03   2.5251E-01    9.4792E-02    1.0562E+00   8.5064E+00   8.7879E-01
       -9.5704E+00   1.7653E+01   1.4649E+03   -5.5148E+02   3.6509E-01    1.4218E-01    1.1651E+00   8.2614E+00   8.2346E-01
       -4.8381E+00   1.6713E+01   8.8349E+02   -2.8954E+02   5.0399E-01    2.0687E-01    1.2667E+00   8.0651E+00   7.9767E-01
        5.8041E-01   1.3987E+01   3.9144E+02   -9.7881E+01   7.0323E-01    2.8223E-01    1.3560E+00   7.9087E+00   7.8024E-01
        3.8989E-02   1.4692E+01   6.6332E+02   -1.6621E+02   5.9703E-01    1.9528E-01    1.0178E+00   8.6724E+00   9.6611E-01
e-N     8.9279E+00   1.1613E+00   1.6494E+00    1.2796E-01   2.7394E-01   -2.7594E-01    0.0000E+00   0.0000E+00   1.0000E+00
        8.6314E+00   1.0738E+00   1.8882E+00    1.2214E-01   3.3398E-01   -3.4447E-01    0.0000E+00   0.0000E+00   1.0000E+00
        8.4009E+00   9.8544E-01   1.9023E+00    1.1026E-01   4.4086E-01   -3.6762E-01    0.0000E+00   0.0000E+00   1.0000E+00
        8.2043E+00   9.4398E-01   1.8527E+00    1.0647E-01   4.8117E-01   -3.6661E-01    0.0000E+00   0.0000E+00   1.0000E+00
        8.0388E+00   9.0527E-01   1.8833E+00    1.0051E-01   5.4116E-01   -3.8773E-01    0.0000E+00   0.0000E+00   1.0000E+00
        8.2257E+00   9.5133E-01   8.7677E-01    6.8519E-02   1.6570E-01    3.4127E-02    3.5900E-01   9.6380E+00   9.0876E-01
e-O     1.0568E+01   1.3640E+00   3.0548E+04    2.4439E-01   1.2512E-01   -4.2290E+00    2.7943E-01   8.6407E+00   1.7624E+00
        1.0276E+01   1.3728E+00   7.8394E+04    2.2579E-01   2.0701E-01   -4.6626E+00    2.4241E-01   8.1977E+00   1.5622E+00
        1.0069E+01   1.2781E+00   1.2008E+05    2.1584E-01   2.7462E-01   -4.9024E+00    2.5935E-01   8.0276E+00   1.5527E+00
        9.9739E+00   1.3564E+00   2.7669E+05    2.2906E-01   1.7466E-01   -5.2350E+00    2.4244E-01   7.7435E+00   1.4870E+00
        9.9629E+00   1.4615E+00   9.4493E+05    1.9454E-01   2.2494E-01   -5.7280E+00    1.9924E-01   7.4822E+00   1.3722E+00
        9.9767E+00   1.6871E+00   2.9697E+05    5.6206E-02   1.4522E-01   -5.1321E+00    7.1705E-02   8.4309E+00   1.3830E+00
