TITLE     = ""
VARIABLES = "x"
"y"
"z"
"u"
"v"
"w"
"rho"
"rhosN2"
"rhosO2"
"rhosNO"
"rhosNO+"
"rhosN2+"
"rhosO2+"
"rhosN"
"rhosO"
"rhosN+"
"rhosO+"
"rhose"
"csN2"
"csO2"
"csNO"
"csNO+"
"csN2+"
"csO2+"
"csN"
"csO"
"csN+"
"csO+"
"cse"
"t"
"tv"
"p"
"m"
"kt"
"kv"
"mu"
ZONE T="61x50"
 STRANDID=0, SOLUTIONTIME=0
 I=96, J=1, K=1, ZONETYPE=Ordered
 DATAPACKING=POINT
 DT=(DOUBLE DOUBLE SINGLE SINGLE SINGLE SINGLE SINGLE SINGLE SINGLE SINGLE SINGLE SINGLE SINGLE SINGLE SINGLE SINGLE SINGLE SINGLE SINGLE SINGLE SINGLE SINGLE SINGLE SINGLE SINGLE SINGLE SINGLE SINGLE SINGLE SINGLE SINGLE SINGLE SINGLE SINGLE SINGLE SINGLE )
 -2.498044074E-002 3.701314854E-004 1.616028931E-005 7.650005859E+003 -1.200958937E-001 -5.243500229E-003 7.195498620E-005 5.518947364E-005 1.676551437E-005 5.530959709E-018 6.579675317E-019 3.628031486E-019 3.915963493E-019 6.602651602E-017 1.087132245E-016 0.000000000E+000 1.934981860E-019 3.248254684E-023 7.669999599E-001 2.330000252E-001 7.686693892E-014 9.144154346E-015 5.042084744E-015 5.442240473E-015 9.176086540E-013 1.510850473E-012 0.000000000E+000 2.689155966E-015 4.514287011E-019 2.168341827E+002 2.168460083E+002 4.496425152E+000 2.586392975E+001 2.230412699E-002 1.081550090E-005 1.523046467E-005
 -2.452882001E-002 3.701238926E-004 1.615995825E-005 7.650007324E+003 -1.371330321E-001 -5.987357814E-003 7.195340004E-005 5.518825128E-005 1.676514876E-005 3.124591053E-017 3.716957589E-018 2.049555862E-018 2.212221136E-018 3.729989257E-016 6.141465853E-016 0.000000000E+000 1.093136447E-018 1.835011508E-022 7.669999003E-001 2.330000699E-001 4.343016289E-013 5.166374801E-014 2.848774073E-014 3.074870545E-014 5.184488255E-012 8.536313149E-012 0.000000000E+000 1.519401941E-014 2.550569026E-018 2.168327026E+002 2.168460083E+002 4.496294975E+000 2.586402321E+001 2.230400965E-002 1.081544724E-005 1.523038372E-005
 -2.407719929E-002 3.701152940E-004 1.615958354E-005 7.650009277E+003 -1.541702151E-001 -6.731217261E-003 7.195181388E-005 5.518703256E-005 1.676478132E-005 5.696085474E-017 6.775947595E-018 3.736308239E-018 4.032845871E-018 6.799713156E-016 1.119579880E-015 0.000000000E+000 1.992774462E-018 3.345197359E-022 7.669998407E-001 2.330001295E-001 7.917362512E-013 9.418333490E-014 5.193339587E-014 5.605516661E-014 9.451366773E-012 1.556177583E-011 0.000000000E+000 2.769888031E-014 4.649709195E-018 2.168312073E+002 2.168460236E+002 4.496165276E+000 2.586411858E+001 2.230389416E-002 1.081539267E-005 1.523030278E-005
 -2.362557857E-002 3.701056896E-004 1.615916335E-005 7.650010742E+003 -1.712074280E-001 -7.475078106E-003 7.195022772E-005 5.518581020E-005 1.676441570E-005 8.267580225E-017 9.834936774E-018 5.423060616E-018 5.853470399E-018 9.869436260E-016 1.625013228E-015 0.000000000E+000 2.892412581E-018 4.855383083E-022 7.669998407E-001 2.330001742E-001 1.149170819E-012 1.367029184E-013 7.537904762E-014 8.136162100E-014 1.371824529E-011 2.258723764E-011 0.000000000E+000 4.020374122E-014 6.748848745E-018 2.168297272E+002 2.168460236E+002 4.496035099E+000 2.586421204E+001 2.230377682E-002 1.081533901E-005 1.523022183E-005
 -2.319283167E-002 3.700953801E-004 1.615871406E-005 7.650012207E+003 -1.928299814E-001 -8.419138379E-003 7.194822683E-005 5.518427497E-005 1.676395004E-005 3.840289094E-016 4.568249855E-017 2.518996907E-017 2.718925799E-017 4.584329928E-015 7.548152844E-015 0.000000000E+000 1.343543643E-017 2.255312383E-021 7.669997811E-001 2.330001742E-001 5.338455372E-012 6.350406312E-013 3.501703322E-013 3.779627707E-013 6.372759959E-011 1.049282397E-010 1.999339646E-036 1.867684338E-013 3.135150510E-017 2.168270874E+002 2.168461456E+002 4.495855331E+000 2.586437607E+001 2.230356634E-002 1.081526716E-005 1.523007631E-005
 -2.276008478E-002 3.700835470E-004 1.615819747E-005 7.650014648E+003 -2.255357057E-001 -9.847101755E-003 7.194521459E-005 5.518197213E-005 1.676324246E-005 1.256903932E-015 1.495148412E-016 8.244481372E-017 8.898848735E-017 1.500416714E-014 2.470455278E-014 0.000000000E+000 4.397329856E-017 7.381462518E-021 7.669999003E-001 2.330000997E-001 1.747290333E-011 2.078486688E-012 1.146110117E-012 1.237077172E-012 2.085810552E-010 3.434313944E-010 6.088770881E-036 6.112967120E-013 1.026137138E-016 2.168218689E+002 2.168465271E+002 4.495559216E+000 2.586469460E+001 2.230315469E-002 1.081515438E-005 1.522979073E-005
 -2.232733790E-002 3.700698638E-004 1.615759902E-005 7.650016602E+003 -2.582415342E-001 -1.127506979E-002 7.194220962E-005 5.517967293E-005 1.676253487E-005 2.129778796E-015 2.533471575E-016 1.396996484E-016 1.507877068E-016 2.542400393E-014 4.186095101E-014 0.000000000E+000 7.451115903E-017 1.250761225E-020 7.669999599E-001 2.330000252E-001 2.960734782E-011 3.521932745E-012 1.942049820E-012 2.096191493E-012 3.534345039E-010 5.819345006E-010 1.017753326E-035 1.035824963E-012 1.738759059E-016 2.168166656E+002 2.168469086E+002 4.495263577E+000 2.586501122E+001 2.230274118E-002 1.081504161E-005 1.522950606E-005
 -2.189459101E-002 3.700543305E-004 1.615692236E-005 7.650019043E+003 -2.909474969E-001 -1.270304341E-002 7.193919737E-005 5.517737009E-005 1.676182910E-005 3.002653447E-015 3.571794737E-016 1.969544699E-016 2.125869130E-016 3.584383563E-014 5.901734586E-014 0.000000000E+000 1.050490063E-016 1.763376037E-020 7.670000792E-001 2.329999357E-001 4.174179405E-011 4.965378369E-012 2.737989306E-012 2.955305488E-012 4.982879109E-010 8.204376067E-010 1.426562696E-035 1.460353106E-012 2.451380847E-016 2.168114624E+002 2.168472900E+002 4.494967461E+000 2.586532974E+001 2.230232768E-002 1.081492883E-005 1.522922048E-005
 -2.147743285E-002 3.700376104E-004 1.615619112E-005 7.650019531E+003 -3.222913742E-001 -1.407154556E-002 7.193643978E-005 5.517525278E-005 1.676118700E-005 2.446068691E-014 2.909645630E-015 1.604445362E-015 1.731796660E-015 2.919941307E-013 4.807727567E-013 3.650788136E-036 8.557753331E-016 1.436494776E-019 7.670000196E-001 2.329999655E-001 3.400815185E-010 4.045334900E-011 2.230690459E-011 2.407749694E-011 4.059649505E-009 6.684274023E-009 5.077486135E-032 1.189800602E-011 1.997185529E-015 2.168101044E+002 2.168604431E+002 4.494767189E+000 2.586541176E+001 2.230222523E-002 1.081803839E-005 1.522914681E-005
 -2.106027468E-002 3.700191797E-004 1.615538713E-005 7.650019043E+003 -3.536892533E-001 -1.544240769E-002 7.193371130E-005 5.517315367E-005 1.676055581E-005 5.192438344E-014 6.176478278E-015 3.405855530E-015 3.676195836E-015 6.198343163E-013 1.020566878E-012 8.356250984E-036 1.816609327E-015 3.049336446E-019 7.669999599E-001 2.330000103E-001 7.219213005E-010 8.587355826E-011 4.735270162E-011 5.111133392E-011 8.617755398E-009 1.418927020E-008 1.161971934E-031 2.525690247E-011 4.239590060E-015 2.168098145E+002 2.168773346E+002 4.494590759E+000 2.586542892E+001 2.230220847E-002 1.082208473E-005 1.522913135E-005
 -2.064311651E-002 3.699990368E-004 1.615450674E-005 7.650019043E+003 -3.850873113E-001 -1.681327634E-002 7.193098281E-005 5.517105456E-005 1.675992280E-005 7.938807489E-014 9.443310290E-015 5.207265486E-015 5.620594695E-015 9.476744476E-013 1.560360998E-012 1.306170953E-035 2.777443057E-015 4.662178116E-019 7.669999003E-001 2.330000699E-001 1.103761083E-009 1.312937675E-010 7.239848998E-011 7.814516395E-011 1.317586129E-008 2.169426416E-008 1.816194608E-031 3.861579806E-011 6.481994591E-015 2.168095245E+002 2.168942261E+002 4.494414330E+000 2.586544609E+001 2.230219170E-002 1.082613107E-005 1.522911589E-005
 -2.024044884E-002 3.699779773E-004 1.615358815E-005 7.650014160E+003 -4.151153862E-001 -1.812432893E-002 7.192839257E-005 5.516906094E-005 1.675931526E-005 3.587411130E-013 4.267213752E-014 2.353065659E-014 2.539844386E-014 4.282365695E-012 7.050986097E-012 3.025537540E-029 1.255095813E-014 2.106751265E-018 7.669997811E-001 2.330000252E-001 4.988106372E-009 5.933336045E-010 3.271813931E-010 3.531520354E-010 5.954403903E-008 9.804025325E-008 4.206280795E-025 1.745144584E-010 2.929326568E-014 2.168400116E+002 2.171264038E+002 4.494884491E+000 2.586361313E+001 2.230465040E-002 1.088606678E-005 1.523078481E-005
 -1.983778170E-002 3.699553439E-004 1.615260044E-005 7.649999512E+003 -4.448770881E-001 -1.942375302E-002 7.192586054E-005 5.516710371E-005 1.675870953E-005 1.178567660E-012 1.401882218E-013 7.730409601E-014 8.344053801E-014 1.406866377E-011 2.316431942E-011 1.021984253E-028 4.123312003E-014 6.921204647E-018 7.669996619E-001 2.329998016E-001 1.638776403E-008 1.949290951E-009 1.074898837E-009 1.160225138E-009 1.956221354E-007 3.220955307E-007 1.420987968E-024 5.733387654E-010 9.623805388E-014 2.169362488E+002 2.178199310E+002 4.496722221E+000 2.585783005E+001 2.231239714E-002 1.106571654E-005 1.523605260E-005
 -1.943511456E-002 3.699311439E-004 1.615154360E-005 7.649984375E+003 -4.746389985E-001 -2.072318643E-002 7.192332123E-005 5.516515012E-005 1.675810381E-005 1.998394289E-012 2.377043061E-013 1.310775219E-013 1.414826237E-013 2.385495967E-011 3.927765058E-011 1.741387457E-028 6.991527854E-014 1.173565803E-017 7.669994831E-001 2.329995781E-001 2.778742036E-008 3.305248075E-009 1.822616280E-009 1.967298102E-009 3.317001926E-007 5.461507726E-007 2.421310138E-024 9.721630168E-010 1.631828353E-013 2.170324860E+002 2.185134583E+002 4.498559952E+000 2.585204697E+001 2.232014574E-002 1.124536630E-005 1.524132040E-005
 -1.903244742E-002 3.699053781E-004 1.615041765E-005 7.649969727E+003 -5.043721199E-001 -2.202136256E-002 7.192078920E-005 5.516319652E-005 1.675749991E-005 2.818593232E-012 3.352649647E-013 1.848755253E-013 1.995511910E-013 3.364572509E-011 5.539833522E-011 2.502646777E-028 9.861055928E-014 1.655231088E-017 7.669993639E-001 2.329993546E-001 3.919224767E-008 4.661823816E-009 2.570674562E-009 2.774738661E-009 4.678402945E-007 7.703080769E-007 3.479793248E-024 1.371169400E-009 2.301581506E-013 2.171287689E+002 2.192073212E+002 4.500398636E+000 2.584626007E+001 2.232789621E-002 1.142510973E-005 1.524659001E-005
 -1.864349534E-002 3.698790573E-004 1.614926805E-005 7.649618652E+003 -5.309661627E-001 -2.318248525E-002 7.192898192E-005 5.516923557E-005 1.675897875E-005 2.332994041E-011 2.774953010E-012 1.530213239E-012 1.651693973E-012 2.784861231E-010 4.585338775E-010 1.216811340E-024 8.162111937E-013 1.370033441E-016 7.669959664E-001 2.329933941E-001 3.241597142E-007 3.855680220E-008 2.126166621E-008 2.294958712E-008 3.869447028E-006 6.371134987E-006 1.690537937E-020 1.134090954E-008 1.903603794E-012 2.195037231E+002 2.301108093E+002 4.550216675E+000 2.571042824E+001 2.251490951E-002 1.743343819E-005 1.537507160E-005
 -1.825456177E-002 3.698513829E-004 1.614806024E-005 7.649266602E+003 -5.576192737E-001 -2.434618399E-002 7.193721831E-005 5.517530735E-005 1.676046668E-005 4.392016612E-011 5.224008292E-012 2.880716499E-012 3.109415069E-012 5.242668522E-010 8.632178861E-010 2.438812595E-024 1.536566339E-012 2.579168738E-016 7.669925690E-001 2.329874188E-001 6.102238217E-007 7.258200441E-008 4.002447795E-008 4.320199309E-008 7.284127150E-006 1.199349026E-005 3.388290117E-020 2.134894395E-008 3.583479216E-012 2.218878174E+002 2.410590973E+002 4.600226879E+000 2.557406616E+001 2.270264179E-002 2.346489055E-005 1.550404886E-005
 -1.786562820E-002 3.698223520E-004 1.614679240E-005 7.648914063E+003 -5.842725635E-001 -2.550989017E-002 7.194544742E-005 5.518137550E-005 1.676195461E-005 6.451039009E-011 7.673062706E-012 4.231219975E-012 4.567136166E-012 7.700475257E-010 1.267901895E-009 3.660813949E-024 2.256921429E-012 3.788304035E-016 7.669891715E-001 2.329814285E-001 8.962878724E-007 1.066072102E-007 5.878728260E-008 6.345439374E-008 1.069880636E-005 1.761584463E-005 5.086042458E-020 3.135697924E-008 5.263354856E-012 2.242719269E+002 2.520073853E+002 4.650237083E+000 2.543770409E+001 2.289037593E-002 2.949634290E-005 1.563302612E-005
 -1.748953609E-002 3.697935169E-004 1.614553366E-005 7.645136719E+003 -5.885421634E-001 -2.569630556E-002 7.201106928E-005 5.522865467E-005 1.677222645E-005 3.098530876E-010 3.685322533E-011 2.032254399E-011 2.193616816E-011 3.698553463E-009 6.089780236E-009 2.075744896E-017 1.084009531E-011 1.819521215E-015 7.669470310E-001 2.329121679E-001 4.283883754E-006 5.095154165E-007 2.809699708E-007 3.032791653E-007 5.113446605E-005 8.419444930E-005 2.865643378E-013 1.498700613E-007 2.515584963E-011 2.523665161E+002 2.839064331E+002 5.241658688E+000 2.444658661E+001 2.483967133E-002 1.191685951E-004 1.697232256E-005
 -1.711366182E-002 3.697646291E-004 1.614427129E-005 7.640350098E+003 -5.862221718E-001 -2.559501305E-002 7.209362229E-005 5.528809925E-005 1.678509580E-005 6.213531356E-010 7.390153073E-011 4.075274840E-011 4.398866688E-011 7.416709469E-009 1.221184931E-008 4.653512985E-017 2.173762906E-011 3.648681665E-015 7.668935061E-001 2.328242660E-001 8.584477655E-006 1.021007165E-006 5.630309943E-007 6.077376611E-007 1.024676094E-004 1.687162148E-004 6.424593930E-013 3.003222560E-007 5.040937806E-011 2.880297546E+002 3.220615234E+002 5.992455006E+000 2.320302010E+001 2.730794065E-002 2.334312885E-004 1.866819548E-005
 -1.673778762E-002 3.697358374E-004 1.614301436E-005 7.635563477E+003 -5.839022398E-001 -2.549372055E-002 7.217617531E-005 5.534754018E-005 1.679796333E-005 9.328531281E-010 1.109498327E-010 6.118294760E-011 6.604115865E-011 1.113486459E-008 1.833391750E-008 7.231281736E-017 3.263515846E-011 5.477841691E-015 7.668399215E-001 2.327363789E-001 1.288507065E-005 1.532498914E-006 8.450919609E-007 9.121961284E-007 1.538007491E-004 2.532379585E-004 9.983546108E-013 4.507744222E-007 7.566290650E-011 3.236929626E+002 3.602166443E+002 6.743251324E+000 2.195945358E+001 2.977620810E-002 3.476939455E-004 2.036406840E-005
 -1.637338083E-002 3.697110142E-004 1.614193206E-005 7.613887207E+003 -4.571465850E-001 -1.995944977E-002 7.245034794E-005 5.553913434E-005 1.683111986E-005 2.389043186E-009 2.904366192E-010 1.598855492E-010 1.725299209E-010 2.909352048E-008 4.790378227E-008 2.262795333E-011 5.942297349E-011 1.432267323E-014 7.665877938E-001 2.323219627E-001 3.252710667E-005 3.953405212E-006 2.176391718E-006 2.348516546E-006 3.960270260E-004 6.520761526E-004 3.047613291E-007 8.125959994E-007 1.949617690E-010 4.893009644E+002 4.226163635E+002 1.031950855E+001 1.981760979E+001 3.832950443E-002 1.186986454E-003 2.613664583E-005
 -1.601026605E-002 3.696938183E-004 1.614118082E-005 7.583201172E+003 -2.629272938E-001 -1.147965249E-002 7.282714796E-005 5.580154539E-005 1.687520671E-005 4.455578129E-009 5.458488661E-010 3.003114146E-010 3.240283319E-010 5.464316644E-008 8.997270129E-008 5.725292809E-011 9.475495388E-011 2.690720266E-014 7.662297487E-001 2.317334712E-001 6.035108527E-005 7.392338375E-006 4.067117970E-006 4.388326033E-006 7.400333416E-004 1.218501828E-003 7.711111607E-007 1.288141334E-006 3.644028412E-010 7.242063599E+002 4.983495789E+002 1.540215111E+001 1.718370819E+001 5.013878271E-002 2.411713125E-003 3.409118654E-005
 -1.564715424E-002 3.696858716E-004 1.614083340E-005 7.552515625E+003 -6.870999187E-002 -2.999942983E-003 7.320394798E-005 5.606395644E-005 1.691929356E-005 6.522096196E-009 8.012590036E-010 4.407361420E-010 4.755254523E-010 8.019259923E-008 1.320412650E-007 9.187760275E-011 1.300866498E-010 3.949162706E-014 7.658717036E-001 2.311449796E-001 8.817483467E-005 1.083124243E-005 5.957829217E-006 6.428118468E-006 1.084036776E-003 1.784922788E-003 1.237457013E-006 1.763682803E-006 5.338425257E-010 9.591098633E+002 5.740821533E+002 2.048475075E+001 1.454983139E+001 6.194796413E-002 3.636429785E-003 4.204566358E-005
 -1.529265833E-002 3.696972687E-004 1.614133180E-005 7.473395996E+003 5.421893001E-001 2.367249504E-002 7.412375999E-005 5.669668826E-005 1.701407382E-005 1.211166900E-008 1.502347580E-009 8.267017071E-010 8.913551008E-010 1.501196039E-007 2.471373932E-007 2.017636336E-010 2.101120944E-010 7.404466580E-014 7.649520040E-001 2.296342403E-001 1.588136511E-004 1.969184086E-005 1.083570442E-005 1.168344988E-005 1.967802644E-003 3.239557380E-003 2.629485607E-006 2.771327445E-006 9.705317661E-010 1.538066895E+003 6.864790039E+002 3.398158646E+001 1.215891552E+001 8.464745432E-002 7.626948413E-003 5.682036135E-005
 -1.494265754E-002 3.697428904E-004 1.614332359E-005 7.367238281E+003 1.386067152E+000 6.051699072E-002 7.534689212E-005 5.753628648E-005 1.713720667E-005 1.966772523E-008 2.452180903E-009 1.349710899E-009 1.454719345E-009 2.448150838E-007 4.029927823E-007 3.536566873E-010 3.150797678E-010 1.208590248E-013 7.637187839E-001 2.276086807E-001 2.533545776E-004 3.157888932E-005 1.738106403E-005 1.873378096E-005 3.152872436E-003 5.190012045E-003 4.538253506E-006 4.075977813E-006 1.556403673E-009 2.309114014E+003 8.193837891E+002 5.217528152E+001 9.901386261E+000 1.134310737E-001 1.316102315E-002 7.540595107E-005
 -1.459269309E-002 3.698295489E-004 1.614710709E-005 7.261091797E+003 2.229853392E+000 9.735749662E-002 7.656989328E-005 5.837580102E-005 1.726032497E-005 2.722299364E-008 3.401914972E-009 1.872665578E-009 2.018024858E-009 3.395006445E-007 5.588318572E-007 5.055338370E-010 4.200365611E-010 1.676685049E-013 7.624856830E-001 2.255833447E-001 3.478856233E-004 4.346469723E-005 2.392573879E-005 2.578337626E-005 4.337818362E-003 7.140262518E-003 6.446820862E-006 5.380492894E-006 2.142214406E-009 3.080080322E+003 9.522747192E+002 7.036708069E+001 7.644092560E+000 1.422116756E-001 1.869452000E-002 9.398959810E-005
 -1.424569415E-002 3.699775975E-004 1.615357178E-005 7.058795410E+003 3.850262880E+000 1.681060940E-001 7.919251220E-005 6.017663327E-005 1.752565549E-005 4.302792789E-008 5.436988193E-009 2.995049098E-009 3.224341905E-009 5.421421747E-007 8.919187735E-007 8.340668156E-010 6.427751664E-010 2.680410147E-013 7.601988316E-001 2.218310982E-001 5.193385296E-004 6.555362052E-005 3.610871499E-005 3.887679486E-005 6.537117064E-003 1.075524744E-002 1.002848785E-005 7.780193300E-006 3.231679147E-009 4.387486328E+003 1.167217285E+003 1.068247375E+002 6.211860657E+000 1.847346723E-001 2.924890257E-002 1.199377803E-004
 -1.390943768E-002 3.702099707E-004 1.616371628E-005 6.825869629E+003 5.710402966E+000 2.493215650E-001 8.227009675E-005 6.228999700E-005 1.783727930E-005 6.150384024E-008 7.824634274E-009 4.312205260E-009 4.639534978E-009 7.798474826E-007 1.282565449E-006 1.220059276E-009 9.037245396E-010 3.858154573E-013 7.575782537E-001 2.175320834E-001 7.150309393E-004 9.087529179E-005 5.007882282E-005 5.388500722E-005 9.057713673E-003 1.489739306E-002 1.414133476E-005 1.052613970E-005 4.480749105E-009 5.860843262E+003 1.407115723E+003 1.491558685E+002 5.130518436E+000 2.312577069E-001 4.140325263E-002 1.479419734E-004
 -1.357337709E-002 3.705434732E-004 1.617827729E-005 6.593079590E+003 7.569521427E+000 3.304924369E-001 8.534588414E-005 6.440212746E-005 1.814872121E-005 7.996895590E-008 1.021088547E-008 5.628591815E-009 6.053901380E-009 1.017413865E-006 1.672984013E-006 1.605826028E-009 1.164521701E-009 5.035211072E-013 7.549592257E-001 2.132355720E-001 9.106089710E-004 1.161821710E-004 6.404076703E-005 6.888444477E-005 1.157683693E-002 1.903711818E-002 1.825177605E-005 1.327048449E-005 5.729089203E-009 7.333338379E+003 1.646873901E+003 1.914622650E+002 4.049808502E+000 2.777535319E-001 5.355049670E-002 1.759298029E-004
 -1.324131735E-002 3.710106911E-004 1.619867726E-005 6.221609863E+003 1.035894489E+001 4.522812963E-001 9.220198990E-005 6.913801917E-005 1.888934639E-005 1.174367199E-007 1.527640237E-008 8.422469833E-009 9.039058391E-009 1.520926389E-006 2.499370112E-006 2.431122414E-009 1.715572684E-009 7.532418699E-013 7.509214282E-001 2.066184878E-001 1.198031241E-003 1.553306502E-004 8.563677693E-005 9.194127051E-005 1.546695363E-002 2.541999146E-002 2.466891965E-005 1.749103285E-005 7.659088475E-009 9.202805664E+003 2.065639648E+003 2.700770569E+002 3.438340187E+000 3.361158669E-001 6.990923733E-002 2.079411352E-004
 -1.291944513E-002 3.716407355E-004 1.622618402E-005 5.845601074E+003 1.314861488E+001 5.740809441E-001 9.927788778E-005 7.402714982E-005 1.965606862E-005 1.559204890E-007 2.049140946E-008 1.129878235E-008 1.211143896E-008 2.039257652E-006 3.350022325E-006 3.281106720E-009 2.282753320E-009 1.010325395E-012 7.468442321E-001 1.999372840E-001 1.487247995E-003 1.948708523E-004 1.074487809E-004 1.152185068E-004 1.939551160E-002 3.186523914E-002 3.115442814E-005 2.175207919E-005 9.608324802E-009 1.106162012E+004 2.492040039E+003 3.504271240E+002 2.897068739E+000 3.940865397E-001 8.625677973E-002 2.394609328E-004
 -1.259890905E-002 3.724754911E-004 1.626263111E-005 5.452403809E+003 1.609391022E+001 7.026753426E-001 1.077224952E-004 7.986107084E-005 2.056996709E-005 2.009168014E-007 2.673815125E-008 1.473842648E-008 1.576601782E-008 2.659195616E-006 4.366836038E-006 4.302075141E-009 2.960793832E-009 1.317783014E-012 7.425695062E-001 1.929345280E-001 1.784588094E-003 2.364085958E-004 1.303303725E-004 1.395246509E-004 2.351712249E-002 3.862378001E-002 3.798442049E-005 2.622045395E-005 1.165326857E-008 1.289257422E+004 2.957754395E+003 4.413257446E+002 2.385939360E+000 4.521687627E-001 1.028449610E-001 2.704266226E-004
 -1.229082958E-002 3.735383890E-004 1.630903716E-005 4.966104004E+003 1.959750366E+001 8.556455374E-001 1.239243138E-004 9.105000208E-005 2.231857252E-005 2.827459582E-007 3.882941257E-008 2.136900257E-008 2.271747057E-008 3.854659099E-006 6.324847163E-006 6.291768440E-009 4.266739406E-009 1.910576081E-012 7.372215986E-001 1.841857582E-001 2.124314895E-003 2.888200397E-004 1.590257161E-004 1.693914382E-004 2.868810855E-002 4.708448052E-002 4.669402551E-005 3.181543434E-005 1.421844509E-008 1.453583789E+004 3.642876221E+003 5.916167603E+002 2.055926085E+000 5.100277066E-001 1.205674261E-001 2.977405675E-004
 -1.198423167E-002 3.749334522E-004 1.636994784E-005 4.482145996E+003 2.308648872E+001 1.007977843E+000 1.400480687E-004 1.021850330E-004 2.405874875E-005 3.641810054E-007 5.086246446E-008 2.796765841E-008 2.963545498E-008 5.044367754E-006 8.273431376E-006 8.271882734E-009 5.566398453E-009 2.500515420E-012 7.318994403E-001 1.754790843E-001 2.462405246E-003 3.409791680E-004 1.875829039E-004 1.991144090E-004 3.383420035E-002 5.550444871E-002 5.536169920E-005 3.738348823E-005 1.677127059E-008 1.617118652E+004 4.324699219E+003 7.411839600E+002 1.727502227E+000 5.676079988E-001 1.382045597E-001 3.249229921E-004
 -1.167993449E-002 3.767354971E-004 1.644862641E-005 3.989569580E+003 2.667562485E+001 1.164682984E+000 1.622706768E-004 1.173542914E-004 2.618612234E-005 4.762886476E-007 6.936358687E-008 3.799952353E-008 3.984037988E-008 6.862219834E-006 1.122562662E-005 1.135764904E-008 7.551737902E-009 3.399108902E-012 7.260404229E-001 1.659659594E-001 2.790088532E-003 3.990850528E-004 2.189688821E-004 2.306071838E-004 3.952400759E-002 6.472215801E-002 6.516399299E-005 4.354406337E-005 1.958331453E-008 1.751033008E+004 5.095494141E+003 9.336806641E+002 1.443948865E+000 6.196658015E-001 1.574142426E-001 3.476294805E-004
 -1.138588786E-002 3.789871964E-004 1.654693733E-005 3.497377197E+003 3.014801788E+001 1.316290855E+000 1.919877541E-004 1.374701533E-004 2.877273982E-005 6.260879104E-007 9.592951500E-008 5.230737798E-008 5.412563908E-008 9.462798516E-006 1.542738573E-005 1.582371034E-008 1.039144770E-008 4.682196471E-012 7.196150422E-001 1.556187421E-001 3.096334171E-003 4.636258818E-004 2.533271909E-004 2.636790741E-004 4.579321295E-002 7.476952672E-002 7.622416160E-005 5.033706839E-005 2.266923715E-008 1.842812695E+004 5.964994629E+003 1.178078491E+003 1.226129889E+000 6.632241607E-001 1.782339811E-001 3.639104543E-004
 -1.109477137E-002 3.818686439E-004 1.667274410E-005 3.010095703E+003 3.359331894E+001 1.466716051E+000 2.214081906E-004 1.573851914E-004 3.133351856E-005 7.743919355E-007 1.222304036E-007 6.647248085E-008 6.826835630E-008 1.203743159E-005 1.958722351E-005 2.024521706E-008 1.320282905E-008 5.952482431E-012 7.132536769E-001 1.453747302E-001 3.399522742E-003 5.275229341E-004 2.873427584E-004 2.964209998E-004 5.199988186E-002 8.471667022E-002 8.717401943E-005 5.706232332E-005 2.572437907E-008 1.933676563E+004 6.825819336E+003 1.420036987E+003 1.010484219E+000 7.063478827E-001 1.988460273E-001 3.800289996E-004
 -1.080380808E-002 3.855442469E-004 1.683322444E-005 2.586840332E+003 3.648651505E+001 1.593035698E+000 2.613769902E-004 1.835581352E-004 3.355521767E-005 9.649895674E-007 1.678749015E-007 9.018886971E-008 8.982316047E-008 1.644763870E-005 2.645672612E-005 2.828764600E-008 1.807856798E-008 8.103142289E-012 7.058743834E-001 1.339351237E-001 3.602897516E-003 6.045220653E-004 3.261495731E-004 3.284048580E-004 5.933833867E-002 9.582369775E-002 1.012693829E-004 6.518709415E-005 2.927107978E-008 1.963041016E+004 7.680672363E+003 1.719383423E+003 8.505994081E-001 7.337838411E-001 2.234157026E-001 3.867553605E-004
 -1.052198822E-002 3.900388267E-004 1.702946247E-005 2.196031494E+003 3.901575089E+001 1.703464389E+000 3.032587992E-004 2.107893524E-004 3.560606638E-005 1.162323656E-006 2.178888110E-007 1.160262499E-007 1.129267346E-007 2.127001972E-005 3.392361032E-005 3.716335684E-008 2.342038385E-008 1.045039316E-011 6.984211802E-001 1.224952191E-001 3.770002630E-003 6.830366328E-004 3.651773150E-004 3.591618442E-004 6.678617001E-002 1.069307253E-001 1.158654122E-004 7.347676001E-005 3.285404304E-008 1.973053906E+004 8.506986328E+003 2.026586060E+003 7.124263644E-001 7.556593418E-001 2.484045178E-001 3.904562618E-004
 -1.024208418E-002 3.956655724E-004 1.727513154E-005 1.832285767E+003 4.137046432E+001 1.806273341E+000 3.461090673E-004 2.382532984E-004 3.726086288E-005 1.354849019E-006 2.733866893E-007 1.441205484E-007 1.366765900E-007 2.660406062E-005 4.200502008E-005 4.735523618E-008 2.942850408E-008 1.302757988E-011 6.907047629E-001 1.109914854E-001 3.902556375E-003 7.647150778E-004 4.047391994E-004 3.878056305E-004 7.450944930E-002 1.181204915E-001 1.316823182E-004 8.227108628E-005 3.653420322E-008 1.972031055E+004 9.295996094E+003 2.329754639E+003 5.855728984E-001 7.737403512E-001 2.725926638E-001 3.923663753E-004
 -9.964695201E-003 4.025330621E-004 1.757497375E-005 1.577658203E+003 4.246305466E+001 1.853976965E+000 3.940168535E-004 2.672899282E-004 3.724321505E-005 1.530667532E-006 3.536454187E-007 1.825154783E-007 1.637147591E-007 3.425104660E-005 5.290026093E-005 6.342006031E-008 3.842773211E-008 1.664814120E-011 6.816996932E-001 9.897468984E-002 3.888967214E-003 8.616955602E-004 4.474138550E-004 4.079558712E-004 8.357652277E-002 1.298965514E-001 1.530734735E-004 9.341620171E-005 4.070840021E-008 1.923474023E+004 9.940612305E+003 2.621820068E+003 5.048248768E-001 7.758557200E-001 2.938386202E-001 3.866054176E-004
 -9.690968985E-003 4.107180864E-004 1.793233969E-005 1.326398193E+003 4.356778717E+001 1.902210593E+000 4.412901471E-004 2.959419216E-004 3.722573820E-005 1.704156489E-006 4.328418868E-007 2.204021996E-007 1.903948288E-007 4.179682583E-005 6.365127774E-005 7.927232559E-008 4.730788206E-008 2.022078165E-011 6.728136539E-001 8.711688966E-002 3.875556169E-003 9.573930874E-004 4.895239836E-004 4.278393171E-004 9.252365679E-002 1.415168196E-001 1.741817105E-004 1.044139208E-004 4.482737737E-008 1.875559766E+004 1.057669824E+004 2.910017090E+003 4.251451492E-001 7.779432535E-001 3.148033619E-001 3.809207410E-004
 -9.411989420E-003 4.206060080E-004 1.836405499E-005 1.152348877E+003 4.393466187E+001 1.918228626E+000 4.862932838E-004 3.207295958E-004 3.540830585E-005 1.824412493E-006 5.304858632E-007 2.628731295E-007 2.103883929E-007 5.131192302E-005 7.585280400E-005 1.027595857E-007 5.971827477E-008 2.452591776E-011 6.620701551E-001 7.548235357E-002 3.779666498E-003 1.065421384E-003 5.309831467E-004 4.322075110E-004 1.030416861E-001 1.532740593E-001 2.041333501E-004 1.192655473E-004 4.937156817E-008 1.806954492E+004 1.108224805E+004 3.135450684E+003 3.719545901E-001 7.705881596E-001 3.269033432E-001 3.716145002E-004
 -9.137533381E-003 4.317801278E-004 1.885192796E-005 1.014443787E+003 4.391653061E+001 1.917437077E+000 5.292700953E-004 3.433180973E-004 3.288790322E-005 1.919700026E-006 6.334250884E-007 3.062236260E-007 2.271341089E-007 6.141347694E-005 8.836201596E-005 1.288414069E-007 7.329119711E-008 2.903089054E-011 6.508153677E-001 6.421846151E-002 3.651901148E-003 1.175971352E-003 5.711829290E-004 4.300508590E-004 1.139576584E-001 1.648069769E-001 2.370249276E-004 1.353555999E-004 5.398295144E-008 1.731432031E+004 1.152168848E+004 3.329435059E+003 3.309939206E-001 7.595021725E-001 3.350417316E-001 3.610328131E-004
 -8.861612563E-003 4.444464560E-004 1.940495167E-005 9.000481567E+002 4.379167175E+001 1.911985755E+000 5.684623029E-004 3.623467928E-004 2.981470243E-005 1.990029205E-006 7.363078680E-007 3.465483189E-007 2.363719744E-007 7.215107325E-005 1.005917802E-004 1.598173895E-007 8.891376524E-008 3.360883100E-011 6.389227509E-001 5.362623185E-002 3.518295474E-003 1.282593235E-003 6.059412262E-004 4.183992860E-004 1.254817396E-001 1.757141501E-001 2.758953779E-004 1.539366785E-004 5.857275909E-008 1.655736914E+004 1.188786621E+004 3.484584961E+003 2.974151373E-001 7.463045120E-001 3.386887014E-001 3.501724859E-004
 -8.587276611E-003 4.583457715E-004 2.001180837E-005 8.241979370E+002 4.341952896E+001 1.895737410E+000 6.011264049E-004 3.754880454E-004 2.591146767E-005 2.019971134E-006 8.376581491E-007 3.815406728E-007 2.336431351E-007 8.373918536E-005 1.122092799E-004 1.980656918E-007 1.075451621E-007 3.823717731E-011 6.261895299E-001 4.423921928E-002 3.377355170E-003 1.381548820E-003 6.316524232E-004 3.919522860E-004 1.378032416E-001 1.854856461E-001 3.236391349E-004 1.761828316E-004 6.306479605E-008 1.580846973E+004 1.213355762E+004 3.576278564E+003 2.758769095E-001 7.299735546E-001 3.352101445E-001 3.390286001E-004
 -8.313063943E-003 4.733932789E-004 2.066879642E-005 7.535128174E+002 4.306042862E+001 1.880058885E+000 6.323768757E-004 3.874494578E-004 2.204678640E-005 2.046210739E-006 9.335976756E-007 4.130619686E-007 2.277586333E-007 9.546273213E-005 1.234313240E-004 2.388304097E-007 1.271174881E-007 4.277534923E-011 6.134904027E-001 3.535209224E-002 3.243248677E-003 1.471755444E-003 6.525724893E-004 3.625671379E-004 1.501614302E-001 1.946924776E-001 3.740463289E-004 1.993816695E-004 6.738967073E-008 1.508500684E+004 1.234799023E+004 3.657799072E+003 2.558385432E-001 7.135375738E-001 3.306375146E-001 3.281746467E-004
 -8.041575607E-003 4.893877620E-004 2.136713192E-005 7.030509644E+002 4.266908264E+001 1.862972260E+000 6.579320761E-004 3.947681398E-004 1.836155388E-005 2.058005975E-006 1.007919309E-006 4.309491430E-007 2.097417990E-007 1.076163753E-004 1.330402010E-004 2.889769917E-007 1.501662155E-007 4.692995298E-011 6.010233164E-001 2.846273594E-002 3.136584302E-003 1.527506392E-003 6.548546953E-004 3.220827202E-004 1.625630707E-001 2.016494572E-001 4.343198380E-004 2.260718611E-004 7.103547972E-008 1.446568555E+004 1.244011816E+004 3.699521240E+003 2.415981293E-001 6.968426704E-001 3.218894005E-001 3.185305395E-004
 -7.770487667E-003 5.063748482E-004 2.210880302E-005 6.540593262E+002 4.230045319E+001 1.846877694E+000 6.830461207E-004 4.017330939E-004 1.480309220E-005 2.070263690E-006 1.077250090E-006 4.465064194E-007 1.907723970E-007 1.197914753E-004 1.424195507E-004 3.404840072E-007 1.736288624E-007 5.099883016E-011 5.886601210E-001 2.189480141E-002 3.034467343E-003 1.576217590E-003 6.542379851E-004 2.811836312E-004 1.748683900E-001 2.082818896E-001 4.956635530E-004 2.529956691E-004 7.453862594E-008 1.386307422E+004 1.251996387E+004 3.739059082E+003 2.277474403E-001 6.803156734E-001 3.129859567E-001 3.091112594E-004
 -7.503264156E-003 5.241622733E-004 2.288541873E-005 6.140916748E+002 4.204476166E+001 1.835713983E+000 7.053355803E-004 4.064840905E-004 1.204968703E-005 2.085411552E-006 1.115302211E-006 4.475407991E-007 1.659677054E-007 1.320502779E-004 1.503374660E-004 4.002280605E-007 1.995664149E-007 5.451889287E-011 5.769965053E-001 1.735312492E-002 2.960988553E-003 1.581012621E-003 6.356447702E-004 2.378935314E-004 1.865193397E-001 2.128708214E-001 5.633662222E-004 2.812453313E-004 7.714037054E-008 1.336716504E+004 1.252333203E+004 3.765066162E+003 2.161742449E-001 6.649246216E-001 3.031747341E-001 3.011355584E-004
 -7.236424192E-003 5.429898760E-004 2.370745096E-005 5.751035156E+002 4.179909897E+001 1.824988008E+000 7.272988441E-004 4.110036825E-004 9.439634596E-006 2.102113058E-006 1.147741045E-006 4.462535230E-007 1.412723378E-007 1.442937210E-004 1.580376993E-004 4.610299698E-007 2.256564358E-007 5.793939634E-011 5.654882193E-001 1.309232879E-002 2.892175922E-003 1.578955795E-003 6.145858788E-004 1.956213528E-004 1.980181932E-001 2.171790600E-001 6.314868224E-004 3.093093401E-004 7.959602044E-008 1.288651563E+004 1.251737012E+004 3.789940430E+003 2.048424482E-001 6.497938633E-001 2.933934629E-001 2.933772048E-004
 -6.973745674E-003 5.626527816E-004 2.456595212E-005 5.409304199E+002 4.167683029E+001 1.819649696E+000 7.475340972E-004 4.143824335E-004 7.535001714E-006 2.126053232E-006 1.153076482E-006 4.338754991E-007 1.173102362E-007 1.563704427E-004 1.646371238E-004 5.264385550E-007 2.522758393E-007 6.085833920E-011 5.548157096E-001 1.020799484E-002 2.846120391E-003 1.544161816E-003 5.819204380E-004 1.585921273E-004 2.086981386E-001 2.201099992E-001 7.010699483E-004 3.362575662E-004 8.133475404E-008 1.248291211E+004 1.246703320E+004 3.809269531E+003 1.946059316E-001 6.360418797E-001 2.838458419E-001 2.867242729E-004
 -6.711385644E-003 5.834874109E-004 2.547561053E-005 5.078414307E+002 4.154344940E+001 1.813826203E+000 7.673940854E-004 4.175458162E-004 5.815820259E-006 2.154300546E-006 1.151267043E-006 4.185154694E-007 9.474869245E-008 1.683789305E-004 1.709637436E-004 5.923262165E-007 2.785547224E-007 6.361936672E-011 5.444198251E-001 7.641331758E-003 2.808082383E-003 1.501966501E-003 5.466244183E-004 1.243951119E-004 2.191048861E-001 2.227208614E-001 7.697463734E-004 3.622199292E-004 8.286590258E-008 1.209796582E+004 1.240374707E+004 3.827476318E+003 1.846263856E-001 6.226793528E-001 2.743764818E-001 2.803449752E-004
 -6.453213822E-003 6.052675298E-004 2.642655090E-005 4.775685425E+002 4.152180481E+001 1.812881112E+000 7.861429476E-004 4.201735428E-004 4.544026979E-006 2.192035709E-006 1.133064416E-006 3.964957500E-007 7.569639138E-008 1.800817117E-004 1.765840716E-004 6.585088386E-007 3.037264378E-007 6.598400298E-011 5.347914696E-001 5.836979952E-003 2.788876183E-003 1.443316462E-003 5.057406379E-004 9.715729539E-005 2.287525237E-001 2.245627642E-001 8.354808670E-004 3.855887917E-004 8.390193784E-008 1.176088379E+004 1.231155273E+004 3.842897461E+003 1.752652228E-001 6.103876233E-001 2.652108669E-001 2.746772661E-004
 -6.195292295E-003 6.283949764E-004 2.743631740E-005 4.485971069E+002 4.145929718E+001 1.810152054E+000 8.044819115E-004 4.226508609E-004 3.492696806E-006 2.239282821E-006 1.106616651E-006 3.713780643E-007 5.932229286E-008 1.916252077E-004 1.818854362E-004 7.234159511E-007 3.276020948E-007 6.808875685E-011 5.256315470E-001 4.376997706E-003 2.783382777E-003 1.377669512E-003 4.629520117E-004 7.431958511E-005 2.379349917E-001 2.260539085E-001 8.974708035E-004 4.066453548E-004 8.462224343E-008 1.144635840E+004 1.220290137E+004 3.857019043E+003 1.662084460E-001 5.986010432E-001 2.562108934E-001 2.693452989E-004
 -5.941531414E-003 6.526131204E-004 2.849370503E-005 4.212052002E+002 4.148613739E+001 1.811323881E+000 8.221721509E-004 4.249529156E-004 2.658583526E-006 2.294520982E-006 1.073022645E-006 3.438035208E-007 4.564527245E-008 2.028516319E-004 1.868158579E-004 7.861912650E-007 3.499363856E-007 6.992462859E-011 5.170379281E-001 3.253811970E-003 2.790504368E-003 1.306623337E-003 4.190743784E-004 5.585516192E-005 2.465540916E-001 2.272016704E-001 9.551002877E-004 4.252685467E-004 8.504326132E-008 1.115723242E+004 1.208082324E+004 3.869746826E+003 1.575091332E-001 5.874561071E-001 2.474987954E-001 2.644012857E-004
 -5.687970306E-003 6.783971818E-004 2.961946120E-005 3.953164673E+002 4.147304916E+001 1.810752273E+000 8.395412588E-004 4.272812512E-004 2.054577408E-006 2.367342404E-006 1.031864031E-006 3.145387382E-007 3.545045857E-008 2.138066484E-004 1.914349705E-004 8.448971585E-007 3.696559929E-007 7.139976804E-011 5.091494322E-001 2.466035774E-003 2.818934387E-003 1.231092261E-003 3.757899394E-004 4.254608939E-005 2.544668615E-001 2.280041873E-001 1.005108817E-003 4.399440950E-004 8.504842697E-008 1.089293262E+004 1.193933496E+004 3.881006836E+003 1.491532773E-001 5.768814683E-001 2.390353680E-001 2.598270075E-004
 -5.438435880E-003 7.054466757E-004 3.080046736E-005 3.704409790E+002 4.146960831E+001 1.810602069E+000 8.565598400E-004 4.296356055E-004 1.547958959E-006 2.447853603E-006 9.889465673E-007 2.854863510E-007 2.680877031E-008 2.244657517E-004 1.958730718E-004 9.004909316E-007 3.877961774E-007 7.269747998E-011 5.017046928E-001 1.815870870E-003 2.856869251E-003 1.155872014E-003 3.339949180E-004 3.144759103E-005 2.619326413E-001 2.286653221E-001 1.050589723E-003 4.525617696E-004 8.487845093E-008 1.064249609E+004 1.179205566E+004 3.891482910E+003 1.410643458E-001 5.666934848E-001 2.308125645E-001 2.554681560E-004
 -5.192556507E-003 7.339235921E-004 3.204379391E-005 3.469727783E+002 4.154710770E+001 1.813985705E+000 8.733040304E-004 4.321681918E-004 1.190123385E-006 2.545893039E-006 9.438004440E-007 2.572955395E-007 2.066460958E-008 2.347294940E-004 2.000950481E-004 9.504203149E-007 4.030610512E-007 7.369369004E-011 4.949890077E-001 1.370517071E-003 2.914089942E-003 1.082097529E-003 2.953345829E-004 2.379540820E-005 2.686597407E-001 2.291163206E-001 1.087641693E-003 4.613846249E-004 8.439511845E-008 1.041179199E+004 1.163275879E+004 3.900739990E+003 1.332966238E-001 5.570134521E-001 2.229087502E-001 2.514083171E-004
 -4.947178851E-003 7.643225579E-004 3.337104135E-005 3.242610168E+002 4.152870941E+001 1.813182473E+000 8.902127156E-004 4.350180097E-004 9.118350590E-007 2.661230383E-006 8.984784472E-007 2.303929278E-007 1.589899057E-008 2.447906008E-004 2.042742854E-004 9.957956308E-007 4.161535401E-007 7.448269085E-011 4.887877703E-001 1.030167099E-003 2.987791551E-003 1.010703505E-003 2.595032274E-004 1.796037031E-005 2.748597264E-001 2.294608653E-001 1.118052402E-003 4.673818476E-004 8.368485993E-008 1.019061621E+004 1.146407129E+004 3.909225342E+003 1.257333457E-001 5.475236177E-001 2.151562423E-001 2.474830253E-004
 -4.705457588E-003 7.963947779E-004 3.477134669E-005 3.023793945E+002 4.153957748E+001 1.813657045E+000 9.071063250E-004 4.381224571E-004 6.911894275E-007 2.788978691E-006 8.538646057E-007 2.049333716E-007 1.212964307E-008 2.545767638E-004 2.083914878E-004 1.037071797E-006 4.274498053E-007 7.510783662E-011 4.830634296E-001 7.648424362E-004 3.073205706E-003 9.422318544E-004 2.263508795E-004 1.342079941E-005 2.805729806E-001 2.297292203E-001 1.142999390E-003 4.711996880E-004 8.281398323E-008 9.978657227E+003 1.129058008E+004 3.917047852E+003 1.183865294E-001 5.382688046E-001 2.076092213E-001 2.436954092E-004
 -4.467183458E-003 8.303588867E-004 3.625425234E-005 2.814363098E+002 4.159424973E+001 1.816043973E+000 9.243035456E-004 4.417339806E-004 5.336494269E-007 2.936948704E-006 8.105374150E-007 1.815882626E-007 9.443926530E-009 2.640738094E-004 2.125143801E-004 1.072789473E-006 4.363772632E-007 7.551755055E-011 4.779765010E-001 5.796123878E-004 3.176010447E-003 8.777751937E-004 1.968453726E-004 1.025599431E-005 2.856342494E-001 2.299160957E-001 1.160438638E-003 4.721129953E-004 8.171783605E-008 9.775706055E+003 1.110941797E+004 3.924080078E+003 1.112701446E-001 5.291885138E-001 2.002665997E-001 2.400323428E-004
 -4.229659862E-003 8.668211356E-004 3.784622822E-005 2.610869141E+002 4.158816528E+001 1.815778494E+000 9.423033916E-004 4.460494965E-004 4.158555384E-007 3.106986242E-006 7.680581575E-007 1.600601962E-007 7.418349046E-009 2.734681184E-004 2.167798812E-004 1.103996055E-006 4.434587026E-007 7.574969124E-011 4.734329581E-001 4.433182767E-004 3.295169212E-003 8.160903235E-004 1.702837180E-004 7.907196959E-006 2.901409268E-001 2.300512046E-001 1.171445358E-003 4.706480831E-004 8.041051558E-008 9.575545898E+003 1.091916992E+004 3.930553223E+003 1.043164134E-001 5.200409889E-001 1.929819882E-001 2.363853564E-004
 -3.995620340E-003 9.055802434E-004 3.953848864E-005 2.414333649E+002 4.152636337E+001 1.813080072E+000 9.609498666E-004 4.509965365E-004 3.249124063E-007 3.292811016E-006 7.265998079E-007 1.402173240E-007 5.828870275E-009 2.827193821E-004 2.211628307E-004 1.131495310E-006 4.491583354E-007 7.584838313E-011 4.693824947E-001 3.394478699E-004 3.424472874E-003 7.570339367E-004 1.462685323E-004 6.089453109E-006 2.941501737E-001 2.301490456E-001 1.177433878E-003 4.674784141E-004 7.895521748E-008 9.378202148E+003 1.072364648E+004 3.936532227E+003 9.757934511E-002 5.108753443E-001 1.858003885E-001 2.327613911E-004
 -3.764986999E-003 9.469129951E-004 4.134311166E-005 2.224453125E+002 4.150318146E+001 1.812068105E+000 9.804683505E-004 4.566928837E-004 2.563590158E-007 3.494296607E-006 6.859485779E-007 1.220222572E-007 4.594870706E-009 2.918852551E-004 2.257176675E-004 1.155548603E-006 4.536335894E-007 7.582325046E-011 4.658287764E-001 2.621955064E-004 3.562185448E-003 7.002805360E-004 1.246918691E-004 4.699971669E-006 2.976621091E-001 2.302136421E-001 1.178597566E-003 4.627409799E-004 7.735439311E-008 9.181998047E+003 1.052235059E+004 3.942044434E+003 9.102327377E-002 5.016211867E-001 1.786909848E-001 2.291289857E-004
 -3.537734774E-003 9.911751958E-004 4.327564238E-005 2.041231689E+002 4.146048737E+001 1.810203910E+000 1.001250581E-003 4.633525095E-004 2.061461828E-007 3.710887313E-006 6.457497079E-007 1.054735819E-007 3.643620072E-009 3.010563378E-004 2.305362723E-004 1.176433557E-006 4.570732699E-007 7.568386889E-011 4.627977908E-001 2.062970161E-004 3.705006558E-003 6.454128306E-004 1.054985478E-004 3.647009180E-006 3.006565869E-001 2.302481383E-001 1.175014884E-003 4.565616837E-004 7.560515058E-008 8.984513672E+003 1.031419727E+004 3.947088379E+003 8.466759324E-002 4.921694100E-001 1.716114432E-001 2.254408028E-004
 -3.311814338E-003 1.039178533E-003 4.537151472E-005 1.863267059E+002 4.136660385E+001 1.806104898E+000 1.024236321E-003 4.714301322E-004 1.700598773E-007 3.939485396E-006 6.049826879E-007 9.042879157E-008 2.904213092E-009 3.105019860E-004 2.358415368E-004 1.194873789E-006 4.598348653E-007 7.544818242E-011 4.603025615E-001 1.664637384E-004 3.844646038E-003 5.913042696E-004 8.848334255E-005 2.844304163E-006 3.031271100E-001 2.302607596E-001 1.166711561E-003 4.490462888E-004 7.368602439E-008 8.779918945E+003 1.009530957E+004 3.951734863E+003 7.847170532E-002 4.822507203E-001 1.644292176E-001 2.215831919E-004
 -3.089519908E-003 1.090920848E-003 4.763063407E-005 1.691668854E+002 4.122975540E+001 1.800130129E+000 1.049313578E-003 4.808362282E-004 1.428318512E-007 4.165650807E-006 5.636966307E-007 7.669163438E-008 2.301107749E-009 3.202301159E-004 2.416218194E-004 1.211819836E-006 4.623537961E-007 7.516410411E-011 4.582642913E-001 1.364819182E-004 3.968294710E-003 5.379312206E-004 7.328577340E-005 2.200983317E-006 3.051551580E-001 2.302664816E-001 1.155045466E-003 4.407422966E-004 7.165991889E-008 8.568925781E+003 9.869225586E+003 3.956046631E+003 7.248739898E-002 4.719427824E-001 1.571968794E-001 2.175744157E-004
 -2.870968132E-003 1.146906133E-003 5.007500295E-005 1.526528473E+002 4.104122543E+001 1.791898608E+000 1.076992485E-003 4.918072373E-004 1.224125299E-007 4.377668574E-006 5.215181886E-007 6.420126653E-008 1.807530570E-009 3.303985577E-004 2.480062540E-004 1.227918801E-006 4.649195375E-007 7.485843889E-011 4.566692710E-001 1.139502638E-004 4.063535482E-003 4.850100377E-004 5.979882189E-005 1.685142138E-006 3.067580163E-001 2.302764654E-001 1.140370383E-003 4.318176361E-004 6.953862908E-008 8.349219727E+003 9.635332031E+003 3.960033936E+003 6.672244519E-002 4.611528516E-001 1.498803198E-001 2.133689559E-004
 -2.656358201E-003 1.207721382E-003 5.273025454E-005 1.367957153E+002 4.079154205E+001 1.780997157E+000 1.107891905E-003 5.046225269E-004 1.070165183E-007 4.560352409E-006 4.781393841E-007 5.291142813E-008 1.402233329E-009 3.412071674E-004 2.551505750E-004 1.243883162E-006 4.678508674E-007 7.456310569E-011 4.554949701E-001 9.682442032E-005 4.115801305E-003 4.323805333E-004 4.792919935E-005 1.271357519E-006 3.079630435E-001 2.303022295E-001 1.123031485E-003 4.224357835E-004 6.733607449E-008 8.118365723E+003 9.393049805E+003 3.963711182E+003 6.118512899E-002 4.497850537E-001 1.424467862E-001 2.089183254E-004
 -2.445986012E-003 1.274053452E-003 5.562637307E-005 1.216166611E+002 4.047097015E+001 1.767000675E+000 1.142761786E-003 5.196133861E-004 9.518696942E-008 4.695678399E-006 4.333784887E-007 4.279656807E-008 1.069648703E-009 3.529069654E-004 2.632413234E-004 1.260460863E-006 4.714993054E-007 7.431538024E-011 4.547092915E-001 8.348388656E-005 4.109660629E-003 3.800660197E-004 3.760266191E-005 9.407000334E-007 3.088085055E-001 2.303543091E-001 1.103325514E-003 4.127519205E-004 6.506786576E-008 7.873907715E+003 9.141854492E+003 3.967107666E+003 5.588737875E-002 4.377441704E-001 1.348669976E-001 2.041724802E-004
 -2.240263573E-003 1.346705489E-003 5.879843229E-005 1.071527863E+002 4.007001495E+001 1.749494672E+000 1.182497363E-003 5.371695734E-004 8.578451371E-008 4.765994618E-006 3.872392256E-007 3.385040159E-008 7.987053241E-010 3.658011556E-004 2.724981459E-004 1.278446348E-006 4.762428887E-007 7.415908165E-011 4.542717040E-001 7.270648348E-005 4.032315221E-003 3.283209808E-004 2.876028339E-005 6.792463978E-007 3.093398213E-001 2.304412127E-001 1.081515453E-003 4.029061238E-004 6.275234909E-008 7.613557129E+003 8.881308594E+003 3.970255371E+003 5.084706843E-002 4.249435961E-001 1.271174848E-001 1.990833262E-004
 -2.039739541E-003 1.426608768E-003 6.228708662E-005 9.346379089E+001 3.957985306E+001 1.728093743E+000 1.228151261E-003 5.577464472E-004 7.795592438E-008 4.757047918E-006 3.399690627E-007 2.607815830E-008 5.813691195E-010 3.802459687E-004 2.831760212E-004 1.298709094E-006 4.824755138E-007 7.414627246E-011 4.541351199E-001 6.361761189E-005 3.876599250E-003 2.776599140E-004 2.134819988E-005 4.763832635E-007 3.096057773E-001 2.305684686E-001 1.057864400E-003 3.930144594E-004 6.041198475E-008 7.335443359E+003 8.611097656E+003 3.973191650E+003 4.609071836E-002 4.113155305E-001 1.191834286E-001 1.936091285E-004
 -1.845126328E-003 1.514819397E-003 6.613844016E-005 8.063071442E+001 3.899274826E+001 1.702460170E+000 1.280933269E-003 5.818677600E-004 7.110203626E-008 4.655665634E-006 2.921096325E-007 1.948435191E-008 4.112916951E-010 3.966495860E-004 2.955643868E-004 1.322173830E-006 4.906000868E-007 7.433686305E-011 4.542492926E-001 5.563742161E-005 3.639258677E-003 2.288593678E-004 1.530414920E-005 3.233541008E-007 3.096572459E-001 2.307382077E-001 1.032637549E-003 3.831695067E-004 5.807316583E-008 7.038391602E+003 8.331092773E+003 3.975945801E+003 4.165300354E-002 3.968224823E-001 1.110617220E-001 1.877198374E-004
 -1.657336832E-003 1.612486807E-003 7.040268974E-005 6.874276733E+001 3.830203247E+001 1.672302961E+000 1.342201373E-003 6.101226900E-004 6.485478821E-008 4.451776476E-006 2.445304972E-007 1.405823546E-008 2.827219570E-010 4.154682101E-004 3.099840251E-004 1.349793365E-006 5.010244877E-007 7.479773745E-011 4.545622766E-001 4.843434726E-005 3.322559176E-003 1.829232642E-004 1.054414133E-005 2.122126546E-007 3.095452487E-001 2.309482098E-001 1.006105333E-003 3.734459460E-004 5.576561435E-008 6.722228516E+003 8.041415527E+003 3.978524414E+003 3.757134452E-002 3.814691305E-001 1.027643606E-001 1.814029383E-004
 -1.563201176E-003 1.667039241E-003 7.278450357E-005 6.301779556E+001 3.796012115E+001 1.657374740E+000 1.378426910E-003 6.269078585E-004 6.180680856E-008 4.301175522E-006 2.204108256E-007 1.173274544E-008 2.316258157E-010 4.265268799E-004 3.185226524E-004 1.366401534E-006 5.076320235E-007 7.518740491E-011 4.547894895E-001 4.497537520E-005 3.128592158E-003 1.607749582E-004 8.584551324E-006 1.695753014E-007 3.094352782E-001 2.310717553E-001 9.918593569E-004 3.684698022E-004 5.459298080E-008 6.549867188E+003 7.886684570E+003 3.979791504E+003 3.560259566E-002 3.731305301E-001 9.838484973E-002 1.779343147E-004
 -1.471647130E-003 1.724425592E-003 7.529004506E-005 5.754318237E+001 3.748417282E+001 1.636594296E+000 1.415850944E-003 6.442723097E-004 5.887340748E-008 4.136223652E-006 1.969224996E-007 9.623861708E-009 1.868940835E-010 4.379307793E-004 3.273476614E-004 1.383649987E-006 5.146075637E-007 7.563066146E-011 4.550352693E-001 4.166930739E-005 2.927127527E-003 1.396410080E-004 6.840090464E-006 1.328742485E-007 3.093095422E-001 2.311984897E-001 9.776501684E-004 3.635943285E-004 5.344809750E-008 6.376990234E+003 7.732595703E+003 3.981013428E+003 3.376336023E-002 3.647783399E-001 9.404371679E-002 1.744458859E-004
 -1.340702803E-003 1.815025595E-003 7.924572128E-005 5.009057617E+001 3.673538971E+001 1.603901744E+000 1.479665516E-003 6.739406963E-004 5.480814735E-008 3.833989467E-006 1.637782105E-007 7.135277258E-009 1.382775006E-010 4.573223414E-004 3.424017923E-004 1.413596692E-006 5.271400028E-007 7.657777884E-011 4.554563463E-001 3.716171341E-005 2.600278007E-003 1.114362967E-004 4.871936198E-006 9.440073967E-008 3.090780675E-001 2.313992679E-001 9.559505270E-004 3.564520448E-004 5.179843043E-008 6.108177246E+003 7.496161133E+003 3.982740967E+003 3.126453608E-002 3.518298566E-001 8.748385310E-002 1.689765049E-004
 -1.178493186E-003 1.944356903E-003 8.489246102E-005 4.134971237E+001 3.569240570E+001 1.558364153E+000 1.573597896E-003 7.176374202E-004 5.006721082E-008 3.389947096E-006 1.241210299E-007 4.626673267E-009 9.302587173E-011 4.858332686E-004 3.645536490E-004 1.458371003E-006 5.463186312E-007 7.821413656E-011 4.560358226E-001 3.192420991E-005 2.163864207E-003 7.951993757E-005 2.974764811E-006 5.972161432E-008 3.087478876E-001 2.316630930E-001 9.274031036E-004 3.473743855E-004 4.974778989E-008 5.748486816E+003 7.181698242E+003 3.984858154E+003 2.837384865E-002 3.345367014E-001 7.891891152E-002 1.615940855E-004
 -1.027642733E-003 2.087441408E-003 9.113966371E-005 3.392235947E+001 3.522023773E+001 1.537748694E+000 1.682175673E-003 7.681294810E-004 4.629740147E-008 2.911643151E-006 9.008287094E-008 2.901403784E-009 6.503902278E-011 5.187831703E-004 3.901318123E-004 1.510890684E-006 5.692819514E-007 8.040198368E-011 4.566144943E-001 2.761859650E-005 1.741028158E-003 5.411259190E-005 1.749323815E-006 3.906271218E-008 3.084084392E-001 2.319149524E-001 8.988738409E-004 3.386309545E-004 4.784171992E-008 5.382496094E+003 6.861159180E+003 3.986749512E+003 2.628098056E-002 3.169568181E-001 7.045262307E-002 1.539914083E-004
 -9.486797335E-004 2.173921548E-003 9.491546371E-005 3.039012337E+001 3.507509232E+001 1.531411648E+000 1.751920674E-003 8.005294367E-004 4.483675298E-008 2.641244919E-006 7.412393899E-008 2.231428375E-009 5.508199799E-011 5.399614456E-004 4.065379326E-004 1.544959559E-006 5.843632493E-007 8.194842027E-011 4.569232762E-001 2.571332698E-005 1.522116014E-003 4.300964792E-005 1.300342774E-006 3.186104536E-008 3.082234859E-001 2.320441753E-001 8.829392609E-004 3.338741080E-004 4.684259380E-008 5.175293945E+003 6.677316895E+003 3.987695068E+003 2.547549270E-002 3.069953322E-001 6.579264998E-002 1.496341283E-004
 -8.744216726E-004 2.264576264E-003 9.887353372E-005 2.716741180E+001 3.507871246E+001 1.531569719E+000 1.821045997E-003 8.326329989E-004 4.361102768E-008 2.382340426E-006 5.964700733E-008 1.661409788E-009 4.688593264E-011 5.609549698E-004 4.227924801E-004 1.578813453E-006 5.993870786E-007 8.351354330E-011 4.572144151E-001 2.401961319E-005 1.317548798E-003 3.316980656E-005 9.268710528E-007 2.597312942E-008 3.080481291E-001 2.321646512E-001 8.677009027E-004 3.293557966E-004 4.590351210E-008 4.976389160E+003 6.500145508E+003 3.988566895E+003 2.480688505E-002 2.974297702E-001 6.135356426E-002 1.454375888E-004
 -7.726844074E-004 2.406120035E-003 1.050534702E-004 2.325650215E+001 3.477847290E+001 1.518460989E+000 1.940352493E-003 8.879586239E-004 4.304037660E-008 2.019301519E-006 4.293831068E-008 1.110861403E-009 3.955843986E-011 5.972275394E-004 4.507963895E-004 1.637773266E-006 6.257342307E-007 8.640985150E-011 4.576058388E-001 2.227118239E-005 1.055019791E-003 2.267371929E-005 5.891939736E-007 2.065166704E-008 3.078067303E-001 2.323186398E-001 8.453146438E-004 3.228481801E-004 4.460497038E-008 4.680282227E+003 6.228492676E+003 3.989732178E+003 2.405712567E-002 2.831432223E-001 5.503248051E-002 1.390961697E-004
 -6.522139460E-004 2.602444609E-003 1.136251813E-004 1.918734741E+001 3.398751831E+001 1.483927131E+000 2.113699913E-003 9.682383970E-004 4.395779740E-008 1.597258688E-006 2.650193487E-008 6.306419831E-010 3.353789468E-011 6.499816664E-004 4.914231249E-004 1.723842161E-006 6.643488746E-007 9.079496183E-011 4.580527544E-001 2.085324559E-005 7.708410267E-004 1.299286487E-005 3.102892947E-007 1.607327071E-008 3.075248301E-001 2.324853688E-001 8.172044181E-004 3.147761745E-004 4.304466472E-008 4.305409180E+003 5.871875000E+003 3.991040039E+003 2.331658080E-002 2.649751008E-001 4.733739421E-002 1.309525978E-004
 -5.442865943E-004 2.805961224E-003 1.225109154E-004 1.622370911E+001 3.270013428E+001 1.427718639E+000 2.313764067E-003 1.060759765E-003 4.723903047E-008 1.239283165E-006 1.534290917E-008 3.442610919E-010 3.033989032E-011 7.109323633E-004 5.382368108E-004 1.823603498E-006 7.092353940E-007 9.603173812E-011 4.584304690E-001 2.040474283E-005 5.497107049E-004 6.947459497E-006 1.561733853E-007 1.326653276E-008 3.072794378E-001 2.326155603E-001 7.901766803E-004 3.070998355E-004 4.160926537E-008 3.942000244E+003 5.506242188E+003 3.992172119E+003 2.270398103E-002 2.472360134E-001 4.020483047E-002 1.229086338E-004
 -4.450589234E-004 3.013848312E-003 1.315874542E-004 1.414239979E+001 3.102786827E+001 1.354706049E+000 2.545627067E-003 1.167871407E-003 5.310251794E-008 9.353430528E-007 7.880526454E-009 1.708415631E-010 2.882245310E-011 7.816302241E-004 5.924275611E-004 1.939643425E-006 7.615056461E-007 1.022291141E-010 4.587562680E-001 2.078281977E-005 3.765654110E-004 3.242167622E-006 7.030131144E-008 1.141115469E-008 3.070615232E-001 2.327181697E-001 7.637119270E-004 2.996368275E-004 4.024736810E-008 3.583947754E+003 5.123421387E+003 3.993562988E+003 2.214228734E-002 2.296186090E-001 3.346893936E-002 1.148375886E-004
 -3.495527851E-004 3.220591887E-003 1.406140655E-004 1.315272427E+001 2.805520630E+001 1.224916816E+000 2.862481400E-003 1.314064604E-003 6.473790393E-008 6.876094290E-007 3.797954840E-009 8.221800324E-011 2.887120404E-011 8.783412632E-004 6.663868553E-004 2.099030553E-006 8.333070696E-007 1.108574343E-010 4.590406716E-001 2.243536073E-005 2.502918651E-004 1.449953857E-006 3.138590543E-008 1.018439999E-008 3.068632185E-001 2.327942848E-001 7.357947761E-004 2.918143291E-004 3.885216060E-008 3.203742432E+003 4.670483887E+003 3.997614990E+003 2.123947255E-002 2.106383145E-001 2.689837664E-002 1.060144059E-004
 -2.388360043E-004 3.420078369E-003 1.493238378E-004 1.589259624E+001 2.284965134E+001 9.976373315E-001 3.431480378E-003 1.576324459E-003 9.181334093E-008 4.628852253E-007 1.310160425E-009 2.809579132E-011 3.034990662E-011 1.052173087E-003 7.990749436E-004 2.388411531E-006 9.632911997E-007 1.266021177E-010 4.593387544E-001 2.620774467E-005 1.448746334E-004 4.475182891E-007 9.624799624E-009 8.977288246E-009 3.066478074E-001 2.328596413E-001 7.003201172E-004 2.819166693E-004 3.710457008E-008 2.715118652E+003 4.015844238E+003 4.014524170E+003 2.128988691E-002 1.857185811E-001 1.973181963E-002 9.424343443E-005
 -7.555122609E-005 3.583044344E-003 1.564390841E-004 2.358529854E+001 1.329523945E+001 5.804826617E-001 4.724230152E-003 2.171726665E-003 1.662804721E-007 2.651287616E-007 1.270239608E-010 1.478815659E-012 3.352485997E-011 1.447412535E-003 1.100355177E-003 3.045287258E-006 1.258937345E-006 1.624452378E-010 4.596874416E-001 3.470813681E-005 5.798432539E-005 2.879915861E-008 3.565355788E-010 7.191871987E-009 3.063895702E-001 2.329160422E-001 6.470237859E-004 2.671485418E-004 3.450285746E-008 1.960449097E+003 2.893502441E+003 4.005423096E+003 2.398047969E-002 1.458784342E-001 1.139970496E-002 7.505121175E-005
 3.124800698E-005 3.634925588E-003 1.587042789E-004 2.515238953E+001 1.022842789E+001 4.465827942E-001 5.262745544E-003 2.419662662E-003 2.005685786E-007 2.372226646E-007 8.193314083E-011 2.917214810E-013 3.436917764E-011 1.612122171E-003 1.225824701E-003 3.316494713E-006 1.381575089E-006 1.772718916E-010 4.597693980E-001 3.800870036E-005 4.546132914E-005 1.596455590E-008 6.446160272E-011 6.550150200E-009 3.063290417E-001 2.329246700E-001 6.306994474E-004 2.626617497E-004 3.370938373E-008 1.722463623E+003 2.516317383E+003 3.975132813E+003 2.522557229E-002 1.328725815E-001 9.524757974E-003 6.868331548E-005
 4.506830379E-005 3.640427190E-003 1.589444873E-004 2.535676384E+001 9.876286507E+000 4.312079847E-001 5.332307424E-003 2.451689215E-003 2.049849144E-007 2.335913933E-007 7.605265029E-011 1.368725689E-013 3.447790664E-011 1.633398235E-003 1.242032042E-003 3.351622581E-006 1.397442588E-006 1.791917170E-010 4.597799778E-001 3.843403829E-005 4.383510532E-005 1.429150576E-008 2.632893729E-011 6.467218761E-009 3.063212037E-001 2.329257876E-001 6.285943673E-004 2.620830783E-004 3.360705847E-008 1.691669922E+003 2.467537842E+003 3.971222900E+003 2.541500144E-002 1.311900318E-001 9.281845763E-003 6.785958976E-005
 4.593564342E-005 3.640764594E-003 1.589592139E-004 2.536966515E+001 9.856790543E+000 4.303567708E-001 5.336662289E-003 2.453694353E-003 2.052607897E-007 2.333626128E-007 7.568147498E-011 1.270965077E-013 3.448470329E-011 1.634730259E-003 1.243046718E-003 3.353826287E-006 1.398437348E-006 1.793121346E-010 4.597806633E-001 3.846062464E-005 4.373282718E-005 1.418594398E-008 2.391971864E-011 6.462026025E-009 3.063207269E-001 2.329258621E-001 6.284626434E-004 2.620468731E-004 3.360065648E-008 1.689739136E+003 2.464480713E+003 3.970978271E+003 2.542845905E-002 1.310845464E-001 9.266598150E-003 6.780795957E-005
 4.604408943E-005 3.640806722E-003 1.589610474E-004 2.537127686E+001 9.854352951E+000 4.302503467E-001 5.337207112E-003 2.453945111E-003 2.052952937E-007 2.333340063E-007 7.563506765E-011 1.258741646E-013 3.448555330E-011 1.634896849E-003 1.243173610E-003 3.354101864E-006 1.398561722E-006 1.793271920E-010 4.597807229E-001 3.846394975E-005 4.372003605E-005 1.417274564E-008 2.361848564E-011 6.461376767E-009 3.063206673E-001 2.329258621E-001 6.284461706E-004 2.620423620E-004 3.359985357E-008 1.689497681E+003 2.464098389E+003 3.970947754E+003 2.543014102E-002 1.310713589E-001 9.264691733E-003 6.780149852E-005
 4.607120185E-005 3.640817252E-003 1.589615131E-004 2.537168121E+001 9.853743553E+000 4.302237332E-001 5.337343086E-003 2.454007743E-003 2.053039054E-007 2.333268583E-007 7.562346582E-011 1.255685687E-013 3.448576494E-011 1.634938526E-003 1.243205392E-003 3.354170758E-006 1.398592758E-006 1.793309529E-010 4.597807527E-001 3.846477921E-005 4.371684190E-005 1.416944606E-008 2.354317435E-011 6.461214674E-009 3.063206375E-001 2.329258621E-001 6.284420379E-004 2.620412270E-004 3.359965461E-008 1.689437378E+003 2.464002930E+003 3.970939941E+003 2.543056197E-002 1.310680658E-001 9.264214896E-003 6.779988325E-005
 4.608475819E-005 3.640822517E-003 1.589617459E-004 2.537188339E+001 9.853438377E+000 4.302104414E-001 5.337411072E-003 2.454039175E-003 2.053082255E-007 2.333232771E-007 7.561766491E-011 1.254157775E-013 3.448587249E-011 1.634959364E-003 1.243221224E-003 3.354205319E-006 1.398608333E-006 1.793328402E-010 4.597807527E-001 3.846519758E-005 4.371524119E-005 1.416779583E-008 2.350551871E-011 6.461133406E-009 3.063206375E-001 2.329258621E-001 6.284400006E-004 2.620406449E-004 3.359955514E-008 1.689407227E+003 2.463955078E+003 3.970936279E+003 2.543077245E-002 1.310664117E-001 9.263976477E-003 6.779907562E-005
