N2-N2        4.2447E+02     2.5868E+04    -1.0330E+00     2.7547E+01     1.0000E+00     4.2785E-01
             2.7590E+02     4.6513E+04    -1.4489E+00     1.5340E+01     8.8021E-01     4.1708E-01
             1.3522E+02     6.1370E+04    -1.8121E+00     7.5032E+00     4.3667E-01     4.2663E-01
             7.5032E+02     4.3769E+04    -9.6115E-01     5.5575E+01     7.3450E-01     4.7747E-01
O2-O2        4.1068E+02     2.4065E+04    -8.8536E-01     4.3180E+01     1.4356E-01     6.1155E-01
             2.8255E+02     2.6422E+04    -1.1429E+00     2.5231E+01     2.0801E-01     5.6608E-01
             2.1907E+02     3.3527E+04    -1.3774E+00     1.8137E+01     2.2481E-01     5.5076E-01
             5.3367E+02     2.8676E+04    -8.3866E-01     5.6127E+01     6.1295E-02     6.8066E-01
NO-NO        3.5215E+02     1.7562E+04    -8.8485E-01     2.9253E+01     6.3570E-01     4.5570E-01
             1.1494E+02     1.2389E+04    -1.2491E+00     7.3328E+00     3.4827E-01     4.2860E-01
             1.9167E+02     5.3633E+04    -1.6030E+00     1.1561E+01     6.3881E-01     4.3160E-01
             3.7951E+02     1.7383E+04    -7.9157E-01     3.7919E+01     1.8054E-01     5.4195E-01
N2-O2        2.9109E+02     1.6995E+04    -9.4388E-01     2.4968E+01     2.8136E-01     5.1156E-01
             2.3289E+02     2.6336E+04    -1.2642E+00     1.6690E+01     3.9632E-01     4.8003E-01
             1.3425E+02     3.0382E+04    -1.5533E+00     9.1243E+00     2.6978E-01     4.7767E-01
             2.9974E+02     1.6635E+04    -8.9024E-01     2.7140E+01     1.0368E-01     5.7374E-01
N2-NO        1.6324E+02     7.2640E+03    -9.5137E-01     8.2746E+00     1.0000E+00     3.4180E-01
             1.1646E+02     1.9357E+04    -1.4606E+00     4.4626E+00     8.8277E-01     3.3773E-01
             2.6945E+01     1.7648E+04    -1.9074E+00     1.1168E+00     1.8471E-01     3.5476E-01
             1.7855E+02     7.4922E+03    -8.3567E-01     1.3283E+01     4.0509E-01     3.9878E-01
O2-NO        1.5090E+02     6.7215E+03    -9.1171E-01     9.6404E+00     8.2038E-01     3.4903E-01
             9.6359E+01     1.1890E+04    -1.3477E+00     4.4156E+00     7.4636E-01     3.3393E-01
             3.2746E+01     1.4087E+04    -1.7751E+00     1.4877E+00     2.5246E-01     3.4294E-01
             2.4059E+02     1.0381E+04    -8.1156E-01     2.1388E+01     3.9864E-01     4.2191E-01
N2-N2+       1.5707E+02     1.6358E+02    -1.5782E-03     4.6818E-02     3.7122E-02     5.8367E-02
             1.5988E+02     1.6168E+02    -4.4121E-04     1.2796E-02     1.0896E-02     5.7820E-02
             1.5655E+02     1.6306E+02    -1.6250E-03     4.7258E-02     3.9996E-02     5.7329E-02
             6.1066E+01     1.0830E+02     1.6620E-05     1.9752E-04     9.6025E-02     5.0012E-01
O2-O2+      -1.1575E+02     3.7386E+02    -4.8436E-02     3.6486E+00     2.6117E-01     1.4145E-01
            -2.5560E+02     2.7178E+02    -2.8455E-03     1.4886E-01     1.0396E-01     7.4847E-02
            -2.0496E+02     5.3410E+02    -4.3204E-02     4.7254E+00     5.0113E-01     1.1552E-01
             1.4651E+03     4.5141E+02    -4.7817E-01     1.0000E+00     3.1366E+00     4.9971E-01
O2-O2-      -8.0988E+02     8.0994E+02    -2.8497E-06     1.1887E-03     1.1348E-03     5.1275E-02
            -8.0988E+02     8.0994E+02    -2.8733E-06     1.2180E-03     1.1439E-03     5.1841E-02
            -8.0987E+02     8.0993E+02    -2.8894E-06     1.2744E-03     1.1510E-03     5.4517E-02
            -8.1760E+02     8.1960E+02     7.2017E-08     1.1182E-05     4.2552E-03     5.0013E-01
NO-NO+      -8.1007E+02     8.1015E+02    -4.6391E-06     7.5318E-04     5.5734E-04     7.3176E-02
            -8.1015E+02     8.1023E+02    -4.9170E-06     7.6379E-04     6.2676E-04     6.9886E-02
            -8.1009E+02     8.1017E+02    -4.7522E-06     7.7546E-04     5.9147E-04     7.3438E-02
            -8.0815E+02     8.0826E+02     1.4346E-09     3.3750E-07     2.1668E-04     5.0007E-01
O2-O         5.4824E+01     2.6124E+03    -1.2756E+00    -1.0000E+00     1.7971E+00     2.4756E-01
             1.1271E+01     5.9978E+03    -1.8948E+00     2.1033E-01     2.2547E-01     2.9521E-01
             3.0924E+00     3.1551E+04    -2.7099E+00     1.1433E-01     4.6291E-02     3.2618E-01
             6.4059E+01     1.6075E+03    -9.2241E-01     1.0000E+00     1.5258E+00     2.5189E-01
N2-O         4.2411E-11     7.0283E-09    -1.7738E+00    -1.3666E-12     1.4068E-12     2.5682E-01
             9.3078E+01     3.7746E+05    -2.4904E+00     1.0000E+00     1.8012E+00     3.0818E-01
             7.1865E+01     8.4650E+06    -3.3838E+00     2.3305E+00     1.0000E+00     3.4250E-01
             4.8434E-11     1.3958E-09    -1.3115E+00    -2.0696E-12     1.9493E-12     2.2447E-01
NO-O         1.0948E+02     3.9522E+03    -9.2591E-01     5.6774E+00     1.0000E+00     3.4478E-01
             4.9973E+01     6.8422E+03    -1.4022E+00     2.4320E+00     4.1518E-01     3.6638E-01
             1.5346E+01     1.2856E+04    -1.9585E+00     8.1792E-01     1.1084E-01     3.8800E-01
             3.4111E+02     1.2306E+04    -7.6446E-01     3.4503E+01     9.6152E-01     4.1455E-01
NO-N         1.8376E+01     5.8513E+02    -1.0885E+00     2.1989E-02     3.7017E-01     2.7990E-01
             1.9001E+00     6.2564E+02    -1.7235E+00     4.7035E-02     2.4421E-02     3.2671E-01
             6.3924E-01     1.7922E+03    -2.3300E+00     2.4350E-02     6.2276E-03     3.5811E-01
             5.2091E+00     1.2579E+02    -7.9721E-01     2.2715E-01     6.0530E-02     2.9981E-01
O2-N         3.4675E+01     1.3056E+03    -1.1164E+00     3.4754E-01     5.7951E-01     3.0097E-01
             4.7427E+00     1.7737E+03    -1.7517E+00     1.4546E-01     5.1947E-02     3.4688E-01
             1.1480E+00     3.3633E+03    -2.3376E+00     4.9886E-02     9.5303E-03     3.7913E-01
             9.7073E+01     2.5179E+03    -8.2806E-01     4.4350E+00     1.0000E+00     3.1601E-01
N2-N         2.3258E+01     1.9547E+03    -1.2673E+00     9.9578E-01     1.0382E-01     4.4037E-01
             2.3258E+01     1.4173E+04    -1.8460E+00     1.2542E+00     7.0239E-02     4.9160E-01
             1.4489E-01     4.8346E+02    -2.3505E+00     9.0340E-03     3.2446E-04     5.3192E-01
             2.0822E+01     9.8291E+02    -1.0120E+00     1.1670E+00     6.8362E-02     4.3962E-01
O-O          2.2077E+01     1.1401E+03    -8.9608E-01     2.8716E+00     4.9476E-02     4.8371E-01
             1.3163E+01     1.4855E+03    -1.2581E+00     1.3503E+00     4.9169E-02     4.5654E-01
             8.1273E+00     2.5461E+03    -1.6310E+00     7.8355E-01     3.4738E-02     4.5586E-01
             2.3400E+01     1.0581E+03    -8.0168E-01     3.4801E+00     1.9999E-02     5.4191E-01
O-N          2.2683E+01     1.2470E+03    -1.0271E+00     1.9320E+00     6.4407E-02     5.0887E-01
             1.0660E+01     2.3223E+03    -1.4924E+00     9.1182E-01     2.4379E-02     5.4850E-01
             5.8682E+01     5.0777E+04    -1.9247E+00     5.3712E+00     1.0570E-01     5.8600E-01
             2.1163E+01     8.6509E+02    -8.1169E-01     2.6270E+00     2.2254E-02     5.6508E-01
N-N          1.9939E+01     9.0652E+02    -8.4875E-01     2.3809E+00     3.8782E-02     4.8674E-01
             9.3402E+00     1.0845E+03    -1.2761E+00     7.9736E-01     3.5324E-02     4.4711E-01
             5.5929E+00     2.1522E+03    -1.6966E+00     4.4782E-01     2.4128E-02     4.4567E-01
             2.3736E+01     9.1364E+02    -7.7981E-01     2.7874E+00     4.9002E-02     4.6224E-01
N-N+        -1.3960E+02     3.6208E+02    -4.3674E-02     2.7103E+00     3.0103E-01     1.2418E-01
            -1.2812E+02     3.8252E+02    -5.0422E-02     3.2848E+00     2.4802E-01     1.4072E-01
            -1.3692E+02     3.7076E+02    -4.6642E-02     3.0216E+00     3.0143E-01     1.3162E-01
            -1.85975093E+08    -1.85975492E+08    6.4006E-08  1.6400E+01  1.0000E+00     4.7003E-01
O-O+        -1.1682E+02     3.2563E+02    -3.9601E-02     4.1463E+00     3.1988E-01     1.0766E-01
            -1.2217E+02     3.2403E+02    -3.6500E-02     3.9708E+00     4.5589E-01     1.0641E-01
            -1.1681E+01     2.7424E+02    -6.0360E-02     5.5075E+00     3.2206E-01     1.7246E-01
             3.6880E-12     9.1735E-12    -2.5404E-01     4.1706E-13     4.2236E-15     5.4721E-01
O-O-        -1.8629E+02     4.5965E+02    -4.2524E-02     1.7729E+00     2.2350E-01     1.1551E-01
            -1.8573E+02     4.5401E+02    -4.2623E-02     1.7886E+00     2.2835E-01     1.1778E-01
            -1.6695E+02     4.3964E+02    -4.6328E-02     1.8948E+00     1.9829E-01     1.2731E-01
             7.2311E+01     4.1593E+02    -2.1377E-01     7.3743E+00     4.3752E-02     6.1938E-01
N+-O         7.0546E+00     1.5774E+03    -1.0493E+00     3.9567E-01     4.1793E-03     6.3764E-01
             7.6038E+00     1.1282E+03    -1.0559E+00     4.2961E-01     5.3188E-03     6.4415E-01
             8.3999E+00     9.2587E+02    -1.0601E+00     4.7469E-01     6.7752E-03     6.4716E-01
             7.5016E+00     1.1305E+03    -9.0625E-01     5.6489E-01     3.5543E-03     6.3384E-01
O+-N         3.9346E-01     6.7619E+01    -8.5579E-01     3.9606E-02     3.0435E-05     7.9289E-01
             4.1859E-01     5.2033E+01    -8.5611E-01     4.2620E-02     3.6537E-05     8.0866E-01
             4.6966E-01     4.6150E+01    -8.5645E-01     4.8058E-02     4.6548E-05     8.1726E-01
             4.9141E-01     4.7448E+01    -6.2444E-01     8.3568E-02     1.4153E-05     8.5148E-01
